dataX:
[[0, 1, 2], [1, 2, 3], [2, 3, 4], [3, 4, 5], [4, 5, 6], [5, 6, 7], [6, 7, 8], [7, 8, 9], [8, 9, 10], [9, 10, 11], [10, 11, 12], [11, 12, 13], [12, 13, 14], [13, 14, 15], [14, 15, 16], [15, 16, 17], [16, 17, 18], [17, 18, 19], [18, 19, 20], [19, 20, 21], [20, 21, 22], [21, 22, 23]]
X：
[[[ 0]
  [ 1]
  [ 2]]

 [[ 1]
  [ 2]
  [ 3]]

 [[ 2]
  [ 3]
  [ 4]]

 [[ 3]
  [ 4]
  [ 5]]

 [[ 4]
  [ 5]
  [ 6]]

 [[ 5]
  [ 6]
  [ 7]]

 [[ 6]
  [ 7]
  [ 8]]

 [[ 7]
  [ 8]
  [ 9]]

 [[ 8]
  [ 9]
  [10]]

 [[ 9]
  [10]
  [11]]

 [[10]
  [11]
  [12]]

 [[11]
  [12]
  [13]]

 [[12]
  [13]
  [14]]

 [[13]
  [14]
  [15]]

 [[14]
  [15]
  [16]]

 [[15]
  [16]
  [17]]

 [[16]
  [17]
  [18]]

 [[17]
  [18]
  [19]]

 [[18]
  [19]
  [20]]

 [[19]
  [20]
  [21]]

 [[20]
  [21]
  [22]]

 [[21]
  [22]
  [23]]]
X归一化后：
[[[0.        ]
  [0.03846154]
  [0.07692308]]

 [[0.03846154]
  [0.07692308]
  [0.11538462]]

 [[0.07692308]
  [0.11538462]
  [0.15384615]]

 [[0.11538462]
  [0.15384615]
  [0.19230769]]

 [[0.15384615]
  [0.19230769]
  [0.23076923]]

 [[0.19230769]
  [0.23076923]
  [0.26923077]]

 [[0.23076923]
  [0.26923077]
  [0.30769231]]

 [[0.26923077]
  [0.30769231]
  [0.34615385]]

 [[0.30769231]
  [0.34615385]
  [0.38461538]]

 [[0.34615385]
  [0.38461538]
  [0.42307692]]

 [[0.38461538]
  [0.42307692]
  [0.46153846]]

 [[0.42307692]
  [0.46153846]
  [0.5       ]]

 [[0.46153846]
  [0.5       ]
  [0.53846154]]

 [[0.5       ]
  [0.53846154]
  [0.57692308]]

 [[0.53846154]
  [0.57692308]
  [0.61538462]]

 [[0.57692308]
  [0.61538462]
  [0.65384615]]

 [[0.61538462]
  [0.65384615]
  [0.69230769]]

 [[0.65384615]
  [0.69230769]
  [0.73076923]]

 [[0.69230769]
  [0.73076923]
  [0.76923077]]

 [[0.73076923]
  [0.76923077]
  [0.80769231]]

 [[0.76923077]
  [0.80769231]
  [0.84615385]]

 [[0.80769231]
  [0.84615385]
  [0.88461538]]]
向量化后的Y：
[[0. 0. 0. 1. 0. 0. 0. 0. 0. 0. 0. 0. 0. 0. 0. 0. 0. 0. 0. 0. 0. 0. 0. 0.
  0.]
 [0. 0. 0. 0. 1. 0. 0. 0. 0. 0. 0. 0. 0. 0. 0. 0. 0. 0. 0. 0. 0. 0. 0. 0.
  0.]
 [0. 0. 0. 0. 0. 1. 0. 0. 0. 0. 0. 0. 0. 0. 0. 0. 0. 0. 0. 0. 0. 0. 0. 0.
  0.]
 [0. 0. 0. 0. 0. 0. 1. 0. 0. 0. 0. 0. 0. 0. 0. 0. 0. 0. 0. 0. 0. 0. 0. 0.
  0.]
 [0. 0. 0. 0. 0. 0. 0. 1. 0. 0. 0. 0. 0. 0. 0. 0. 0. 0. 0. 0. 0. 0. 0. 0.
  0.]
 [0. 0. 0. 0. 0. 0. 0. 0. 1. 0. 0. 0. 0. 0. 0. 0. 0. 0. 0. 0. 0. 0. 0. 0.
  0.]
 [0. 0. 0. 0. 0. 0. 0. 0. 0. 1. 0. 0. 0. 0. 0. 0. 0. 0. 0. 0. 0. 0. 0. 0.
  0.]
 [0. 0. 0. 0. 0. 0. 0. 0. 0. 0. 1. 0. 0. 0. 0. 0. 0. 0. 0. 0. 0. 0. 0. 0.
  0.]
 [0. 0. 0. 0. 0. 0. 0. 0. 0. 0. 0. 1. 0. 0. 0. 0. 0. 0. 0. 0. 0. 0. 0. 0.
  0.]
 [0. 0. 0. 0. 0. 0. 0. 0. 0. 0. 0. 0. 1. 0. 0. 0. 0. 0. 0. 0. 0. 0. 0. 0.
  0.]
 [0. 0. 0. 0. 0. 0. 0. 0. 0. 0. 0. 0. 0. 1. 0. 0. 0. 0. 0. 0. 0. 0. 0. 0.
  0.]
 [0. 0. 0. 0. 0. 0. 0. 0. 0. 0. 0. 0. 0. 0. 1. 0. 0. 0. 0. 0. 0. 0. 0. 0.
  0.]
 [0. 0. 0. 0. 0. 0. 0. 0. 0. 0. 0. 0. 0. 0. 0. 1. 0. 0. 0. 0. 0. 0. 0. 0.
  0.]
 [0. 0. 0. 0. 0. 0. 0. 0. 0. 0. 0. 0. 0. 0. 0. 0. 1. 0. 0. 0. 0. 0. 0. 0.
  0.]
 [0. 0. 0. 0. 0. 0. 0. 0. 0. 0. 0. 0. 0. 0. 0. 0. 0. 1. 0. 0. 0. 0. 0. 0.
  0.]
 [0. 0. 0. 0. 0. 0. 0. 0. 0. 0. 0. 0. 0. 0. 0. 0. 0. 0. 1. 0. 0. 0. 0. 0.
  0.]
 [0. 0. 0. 0. 0. 0. 0. 0. 0. 0. 0. 0. 0. 0. 0. 0. 0. 0. 0. 1. 0. 0. 0. 0.
  0.]
 [0. 0. 0. 0. 0. 0. 0. 0. 0. 0. 0. 0. 0. 0. 0. 0. 0. 0. 0. 0. 1. 0. 0. 0.
  0.]
 [0. 0. 0. 0. 0. 0. 0. 0. 0. 0. 0. 0. 0. 0. 0. 0. 0. 0. 0. 0. 0. 1. 0. 0.
  0.]
 [0. 0. 0. 0. 0. 0. 0. 0. 0. 0. 0. 0. 0. 0. 0. 0. 0. 0. 0. 0. 0. 0. 1. 0.
  0.]
 [0. 0. 0. 0. 0. 0. 0. 0. 0. 0. 0. 0. 0. 0. 0. 0. 0. 0. 0. 0. 0. 0. 0. 1.
  0.]
 [0. 0. 0. 0. 0. 0. 0. 0. 0. 0. 0. 0. 0. 0. 0. 0. 0. 0. 0. 0. 0. 0. 0. 0.
  1.]]


